[Parameters]
threshold.min = 50.0
threshold.step = 10.0
threshold.max = 220.0
distance_between_blobs.min = 10.0
repeatability.min = 2
filter.color = 0
filter.area.min = 25.0
filter.area.max = 5000.0
filter.circularity.min = 0.800000011920929
filter.circularity.max = 3.4028234663852886e+38
filter.convexity.min = 0.949999988079071
filter.convexity.max = 3.4028234663852886e+38
filter.inertia.min = 0.10000000149011612
filter.inertia.max = 3.4028234663852886e+38

